186588192
175193825
117932323
9059897
428863759
193972404
255755419
453466134
58871281
340005169
436937096
269487531
144108759
60119721
224307936
258986151
56862826
142963708
121522751
320211291
280051904
148907962
440704264
219251676
265401410
40975842
374314328
240175569
44886067
219356688
82234712
144823014
229796106
333868181
169052081
313813764
459541561
383391486
441581827
353846116
135042165
143070222
346990604
248383668
91965908
186453266
229616604
286965228
148276398
198182171
131432688
357306345
345666065
31403932
177039559
308991064
233688059
51264152
59206303
59545062
232051627
14779670
1251231
281728055
301603828
114472862
317332379
274510326
178920164
299138035
306751473
120580435
101124532
293620890
445626500
46483101
114818053
249022420
376877573
229090610
251235811
60879640
459222132
267945563
287956474
41084026
63836975
155608009
117643381
97520267
357530999
334658627
455208975
51271539
457763986
376884305
31051456
402749732
440689586
219994011
30122338
344926404
150105350
106505278
425997085
178920609
248225179
300657526
134637308
256093153
198008979
170750174
16426519
241445794
325254474
142057613
66559658
68990728
397519552
255564912
332620574
241177869
56186148
152439824
455243796
246934681
407879571
98445944
377019136
37175525
232081999
180669655
194382931
470546248
468292453
408017457
161745754
160192279
36067793
66689104
186853405
270676271
436592787
260417220
83289654
160195717
380618882
456343194
396774036
51991137
18017353
297147978
186513548
181072977
162497737
332276348
377255217
288241725
93277190
159423104
257523218
202143441
55369779
4673474
439463188
180567838
67908627
373453719
114436148
14087118
422841400
28054706
469973846
279160134
55662879
56516814
298499906
160504254
150361104
159841364
309717933
452903703
124854318
191632947
82605735
264986410
50753571
202662551
294153254
170498952
179371967
197931025
179241385
300503330
387114110
339636336
255805697
43395968
356429904
149543900
257925654
68058195
16959419
4007712
4608167
156567996
360156594
399723320
37818769
207400299
129862935
434499892
6997245
430329799
340563936
468797613
63815356
85408676
116543042
313403760
32815960
159344069
293791715
68873560
455057742
14329523
148173428
157702759
234716220
7220991
244203455
90653963
336956800
312885766
238965958
429593176
441809655
99320202
68289197
144272751
165688855
87345713
377104012
176726859
116048879
179226999
378977954
234664884
65480116
367655932
260607843
56122026
81213503
155951139
241833422
150170758
140828663
356977742
441131581
158023632
349769252
124481877
148962155
425458932
160123252
13135525
2603570
233720219
417915549
289409074
365959542
379056557
77041419
28157309
88657497
301538356
272187593
231935873
161027072
124227698
162815135
238926024
71790076
356660073
368368715
305002984
468913240
201372651
219391064
458456502
293504322
171394304
458461128
52314627
167459539
274145208
277832173
307913065
165769486
385207179
309792357
299943844
186853034
389787563
16986168
178155378
321672799
79178764
344890674
171989665
22714085
155896637
452472328
32068234
453426323
357387493
235674577
17143140
293603961
255588069
238011413
307635321
274314599
302284787
294670776
357188239
139063122
446173433
429065143
393231910
369335000
230117735
130799808
277316602
156568978
364268665
143338311
101093290
206597904
124335287
17196598
213073312
332841294
248961470
1650125
425871896
280052690
159983800
366744134
161496678
33476665
100906087
68985568
160408573
198236663
382575695
312814091
358613535
405488058
324041993
138201325
229093494
285172532
198391523
119682375
297963684
30928270
349156183
300947624
116281958
192583631
66557494
248616812
359114307
77434412
465198634
199710478
238044725
459977768
101964413
65923359
390663585
365464757
27525198
46626963
148916898
307582334
276661186
382160101
150359198
231718872
32556882
441794808
32542792
199607786
86373496
461367607
307780596
24457113
13957633
140121801
61370559
452820512
5457529
243015193
413371030
50720274
142536411
304368370
142081711
336402635
276787778
407621706
137481129
35394022
453106549
23010541
198281724
138937503
242962343
319362782
343933451
105704812
370038084
121504450
308073410
358155409
275544745
346941154
38635211
202298472
151641999
260507684
166006926
410900260
327290876
189105827
367857493
339670989
157840099
37543035
334985270
219234951
396733866
201521810
348793617
345536634
458457188
363913998
105575876
349888635
71434638
229536730
116720217
102090241
163252522
202509187
50757748
402185227
47391783
50982186
8783726
219244831
425085686
21437232
332483224
21227089
149474107
300976105
11194011
107375985
393649470
350147881
63921468
408440555
417116788
183618609
229867567
231912596
248351846
43725340
392850502
219848819
34163458
364247030
394049982
142737866
188665494
193256097
143167483
118653666
177308090
18941472
282095922
238016874
437028408
303947005
141489206
169171429
449038932
43762394
18745885
218859710
397483975
73624762
171770238
72599959
206539783
101932717
241253715
93327596
348771376
46683612
191570433
72233869
200744260
254108118
155582541
272669989
349272947
301792239
461374572
77561535
199682253
308396215
453430807
219754975
434723918
36099184
418781769
248691575
402133622
229082079
86281704
168337112
440479335
286213610
158071288
88114169
85602300
26122924
62628632
66398778
144139336
382028509
306774533
393945204
197867425
74478059
330538002
293523015
229769680
80261295
445033076
231289483
285467081
230130913
29855130
270673723
302966398
140971666
139118595
176378773
332816798
425504577
425789782
157318416
199687358
285003745
68120086
233724046
122522167
268652550
97821781
350145232
130423677
150271299
354572196
376923540
398673781
397065680
432093058
397554173
358765032
140366029
57404484
156602502
156645202
309856838
294324353
155951271
393478324
200659379
55936793
144332960
55218907
30659110
27002986
295842530
5080792
23974409
26336706
420395603
300443028
11194632
368411299
402114704
47620776
85158540
1083826
30438254
198083856
376996854
96190733
428788994
286961903
199548916
230072906
453096104
238090983
294097549
140580949
10053593
47391193
423669835
334414449
76207587
411235649
62760989
15903884
25508427
293845454
306893856
9112314
15858597
441697648
4557454
72417360
120121016
26174584
38601032
178953932
244245909
373056140
416611661
142162271
141815296
340704781
404535321
125550136
53158427
408499294
306896202
377769904
349439398
161732944
469942271
175741554
438212223
142203032
369378156
333789066
124657001
88815897
141175441
353330142
73159597
97523579
281981785
28857229
373599709
16073774
32398520
409215672
279833620
768307
111267648
892355
124766926
15369936
310132407
101497701
160269649
291460542
193603287
119127300
241486188
348234805
38603698
350231282
142060380
413443091
307677463
161476639
288301205
49616872
461594163
224303915
252475799
55098573
147972217
234605990
138764175
86281982
357166222
304552279
270555745
280911644
177434621
161571164
385352881
416744205
300443794
121239207
386588876
453837503
146423968
138855803
132152416
188396061
115444138
144500337
441727430
307215412
231806599
279201188
449782413
321538734
435291209
450027569
412389690
119301151
344073718
340316343
402214294
176281692
443719372
198237165
253831358
121753457
82120769
255619519
427352723
246892556
55747943
127960970
234501814
106989760
115481059
188046254
408037733
349826417
330448172
144299545
334854370
468951756
33106086
55224097
355218171
464806938
375036247
38086261
415692990
55741018
248957032
376633363
220437252
319560564
307057818
415498673
286247949
279361255
77991407
423657839
125401589
169110898
285094031
80431036
156850483
290483018
407621267
390631136
141024799
367785443
197932582
56648314
468346609
416800332
101615999
170730437
158563529
176556076
172078162
24922406
387540905
229765493
286294970
235124070
16770770
78258994
432085213
307722375
18068637
24299789
26530954
350428044
266968065
45365174
101202796
449049907
8261808
171770706
358466684
55747288
267703241
129516731
255745017
289905934
176620062
459826274
422891746
443674139
188392401
72781927
278381113
206615662
279214839
443848154
423360159
412753593
9148805
149251911
321124951
333480539
142219246
120414382
46041609
115908716
122542465
245833444
438505625
14003403
43373852
229745729
59721916
272244266
347596448
358071049
17668162
167454408
233641152
232046844
93416818
166059901
286363398
125402280
417778386
39047123
219996701
42014584
76283570
207081058
30003888
349097447
120428629
127712498
123269386
354518716
304103353
381807362
441790556
135041622
374311938
219242135
420979647
230123475
301124909
396418383
300741171
170101576
114502974
62845101
220434166
429666641
403018377
38506202
461658603
303193462
238872344
257044197
260371427
142183540
220314268
197807894
292776013
262925787
166176871
453004439
159990694
154223835
34942007
286231807
397058772
238069953
66830546
238006797
403025046
160528972
232976426
453852768
98973638
307572029
149571930
323294781
260001406
287227934
434312896
332857570
196289537
1336517
198517147
364410904
440701115
142615929
376631987
141336513
207111243
55533085
37748177
47172135
117613298
289715040
54660241
42826212
268731357
293460898
37653749
147945235
16536955
319258958
455203214
165187469
159233972
452731697
45908356
387515391
155989216
75064986
51271073
151561155
177312538
394701371
196774253
41172278
38690674
459932445
70744288
95863120
327857196
329030277
89039049
137956739
57103529
244165930
306733469
284039223
18825665
37198524
146807126
229473884
165219496
446175339
347754332
469975693
231836457
422887479
63906402
422032203
284155089
426024303
252991559
103864758
245234229
86270653
142117976
391904670
453207078
471015193
376536720
67392843
212952843
191251332
469970979
366741894
193991930
15540895
350840907
388814538
81433993
287223949
141128993
1028186
232569678
231934918
190974313
298050062
397067775
165453703
156374314
14677359
319558259
16849097
5084320
8081368
255594430
377169478
99091131
159189491
458494022
289572551
105657716
134427830
199657919
23088523
119032506
238132277
357627732
23049666
150363971
4253494
459801634
366630251
111244043
309789630
231820435
37540382
2473360
438645944
178723542
207402722
389787241
264536978
57210760
55758992
245910120
460035254
308187267
436679387
310963247
262711218
37746782
93847832
314828399
130419371
7220920
287718224
67833242
130573070
338481273
460845883
219899292
263084183
142934313
12013151
307032085
444064375
4244980
443317261
311091924
203149144
157272476
67558593
287428961
125915560
14287096
60987193
3117647
242119680
405266556
156493624
452558481
188121067
453425318
77127762
142727214
139470998
219488822
149302744
58284222
393830956
203222271
453078592
130373079
33298929
121591466
469937196
97643014
369715879
421816531
150033383
142041490
464836459
402028212
423385685
55976124
307162795
177257949
229787120
310663514
461639857
172401916
168276993
394680576
142015213
389173634
243010612
68349646
311185857
116278534
219399036
456910181
143921243
12159553
55858711
179407949
4244057
8765533
456522594
382258844
422848136
172231659
354351302
436665985
453366972
458821608
31634373
234969030
468342942
393489158
393832617
396665671
269077850
328990060
141428114
4733585
450931870
97472180
32943728
18020874
392957179
146772271
198393416
231300748
235565353
192109222
382416576
199549208
357394914
139544641
262820103
444059756
150023146
380038547
29633658
252256538
23498539
51932858
219005876
268151389
269593571
293305075
219697962
402222291
61424089
400722970
298200856
10841464
235729097
19970514
20238073
54085154
298017633
322925297
138826964
421467188
459927420
453330970
312983784
284063437
207432002
253036752
259373570
411235182
188834128
392835008
464804202
167653458
448489309
460396820
3940774
60286852
425283742
63688164
56604258
307441126
11735706
272701008
155950028
450345044
229654022
68905194
118839771
199657805
434158784
141945465
177385479
427399382
289679897
453433476
80486647
418341168
231583834
175233354
81001946
177285682
50622172
327995077
416498335
306737452
424384056
363455257
158194094
238226832
138280004
2934856
392915265
148484182
360631334
351458610
197883618
190326712
193322261
156047792
426735402
23973462
310781789
346893493
357294191
442619137
60413757
95169341
317479630
23988481
91376631
371706954
32536293
265207493
254027592
72574624
39734338
22322535
138979233
459970176
146517062
332580242
23838673
389671302
14002117
441794991
180028542
340300562
6729978
220416628
7465458
257003358
66688292
84776627
452980803
303503311
159838923
372803079
175368691
236767786
373488261
220021331
422169890
274205623
120585431
207211001
240835466
389852839
139527693
192980131
244941527
246932932
396999129
349677687
339768963
242109061
232285477
175262091
394779569
142044942
141602548
258780099
179019202
68742409
439397853
142177588
49321163
280519662
231043790
368726636
407156384
87958113
389964368
432163879
40405143
194669823
72623320
335721272
434162425
293393794
390634192
50310398
157376469
292711919
50530746
230083376
43049088
248957172
42826615
420108213
38813530
60143497
142040246
260542710
140598464
141418300
402831601
20214849
4645155
18745611
301034067
266569225
318059757
433414036
440850535
4845521
307885585
56458041
426585140
401912513
25062978
192548551
107377469
434497189
212381363
232615002
157049539
255779310
16768705
392750996
317412161
332741880
238927580
5045267
439455853
262561968
175265452
334327860
238916139
37948378
50723342
138590902
171655121
440694660
149994576
237917740
53178742
88248325
147820237
333042609
229751584
464812806
172824973
140075438
14704846
52195290
32947947
39022572
198051596
237937400
389924116
179677476
318887360
252180948
24522623
367603509
278510312
262839320
286924078
175291529
447077252
67785069
334834927
192258735
231085102
24226468
451527506
115284124
379748105
97474687
219695096
68689239
262498996
248660922
115018139
8002071
334896487
400097162
372427309
137418342
396720160
406801175
384538985
156087557
142937280
38426615
71300707
148227584
270314521
73487688
462187076
202358184
28052378
288390856
243390932
139700906
404518934
257500129
22704162
363570472
152373379
50726148
43362199
236710296
267049615
121568536
153853749
142983150
50893143
199661339
149388641
37989815
149542538
198281325
49503763
467788493
446176255
22522464
150394536
42034464
403507150
182389616
294198241
384846065
401927430
220413881
128415339
207426800
186334827
120069237
172625249
137646990
423521604
86151386
137054895
173094440
88221046
434219519
229612173
334515749
201876518
30112689
385269583
53188203
416609362
263015958
425507231
66772413
244279252
31797959
123029158
25908012
347597917
364591796
261746618
314806118
470004426
131419878
66408953
167724214
299967507
21509776
96103406
156076143
393795250
272612065
9027263
410041790
308309234
260503477
450300025
273849828
174963284
360612086
31781476
257556438
32181206
149916502
294394152
97758010
149039116
403127903
73195589
149445159
425280270
9375296
89860772
376852910
2223171
95054595
307288986
30925742
340558110
20175041
294325026
261180778
77955112
251235221
311924394
382524662
322040620
435859497
18796744
235072001
206529104
394050264
340143349
220419648
2098201
148046287
72752684
411101290
5481026
143340253
114167221
92001601
371382474
141270589
393799536
130645419
142159278
229159294
204692382
81041235
348759909
16489553
356981123
114925129
201775445
443996322
160472749
246889977
281850305
148221007
281851153
391476296
372897059
198033872
445927286
269077545
65449652
114500238
237928392
425537933
232605303
39698043
141128773
352444061
367564774
11412629
70759486
117760750
28129089
456858055
450344236
19905942
177037184
85272631
99330416
149468225
46626635
174964902
114982772
94727896
445036097
325609425
139452459
279987397
144332814
403451209
260709500
23883915
279904538
153798661
218575772
267550847
162576788
207204524
437937601
45366354
408548420
201775922
199571801
460798460
55441750
234337890
175524032
33318760
365731151
84595998
106807878
59004498
66470107
246779888
147670079
93458934
100921870
393944863
92935856
458658291
38583200
85079684
5080084
114115352
417759668
426541169
44632764
43864227
72684491
153121546
12862106
393296231
302755765
201424890
193972187
288805903
199572361
229184394
423524721
129887963
337216607
91591551
376850849
7698700
446169912
283096149
270493826
61038403
119226786
203379289
29944217
118588732
357908050
112099606
275293658
467155503
303911521
449306964
52077817
130373105
28957861
277735435
284280296
142865809
149181514
79569507
252467386
238182638
198004604
287637087
412054152
29206340
80949094
316413450
382032129
417931249
371543499
460431195
436553623
272468131
131139233
362222085
296657253
154873175
178407036
237554493
431878209
426030159
274623605
47066525
129002525
261137228
207203147
231847461
180723762
273131564
348254286
459990905
135103305
12234693
156709835
356902887
207402821
229115773
24724105
178858796
71375548
71345281
264680275
287323695
320283959
292160633
147938632
339960900
141611489
51738126
135169468
377105049
322512414
130717539
386021691
8916971
262301726
355492661
61361342
427450079
392701162
55754095
219428470
161744573
140459950
7316686
307477220
23269122
294272049
348717812
359123126
367262409
426019399
262546653
165944728
248439863
172715616
286131171
422373116
150580426
81217604
156067382
288676256
237909769
73037156
311114409
167418152
229756103
234308994
151472541
32423308
95746541
238195128
173102222
156077680
30598527
86266498
142258034
255688504
207341363
33003187
10069883
233436463
53450675
149346760
154067469
6117883
363655423
98299511
261264347
48780826
27254102
156839513
450026960
40861663
154786240
278863500
243228864
439407783
291558418
307920712
286098347
310097416
335493106
55298071
130577091
66869334
3213430
166011078
233715368
169451376
369817205
238058855
135103314
139117381
238013794
77351431
160197441
46053334
219007738
38807541
393800326
264482641
198205114
5239225
463216434
255756390
84336172
271902732
394037295
299878316
266924171
430429240
123904430
244207004
425225523
196592212
383467910
376524552
66832955
232972847
74890864
66574494
77635096
1221247
17305133
180763507
115660262
425997269
116280603
54347531
12571357
266905677
46745586
457914407
50587245
28078082
101182978
468903805
101139085
96105534
98592252
397528205
125058993
337216599
271723339
301867386
141265910
271902289
363458307
198556407
160599683
50587631
157182673
305600206
23649079
166492845
445841404
288526352
459187353
141276866
202231655
44694145
233981390
56097039
290803994
452840140
389205189
28077723
147625064
417175429
66552804
231820196
835302495
405293466
444009624
290381265
151935327
385818415
291066413
452848404
454891235
458087557
349681964
28078049
30034189
250557799
144542545
317547009
21502725
219860348
31532870
78076589
150437023
142583775
117846024
294392813
155176364
443219675
156889114
81810359
262808454
312987175
333263601
432208948
231961306
408440307
296736054
50663177
366659428
231558350
389356280
238597976
71164037
284188533
287055571
356015357
55131972
233625914
329446292
141992778
354154967
440733117
89148712
329150762
453551017
391949001
306360167
30927623
353044030
388920429
345728037
55752015
38908033
287258809
302364601
125538470
155942366
151641733
95841535
324760439
9958191
30285202
40083250
33767134
150164445
445497882
395944623
73113830
400462275
68753595
317951828
393805278
160599509
290754797
120069969
311121985
382069701
230089441
220519286
303914564
244178486
267653552
468807465
23469297
459249100
140661368
459991249
39663968
219374934
178967253
21344165
134810229
376917311
445330874
416575322
142085569
279947994
464342828
142781574
322871586
86230694
272720504
157774255
311092498
394345360
266480518
179281864
82306727
288512900
149473394
262908909
140492866
358710425
233166012
147687438
207402323
220401265
191203379
8293428
141823041
138133572
441797806
408928524
99835336
115582074
220460307
397355525
294397009
286814627
303607163
176474657
287842460
85892377
142017509
144166226
229146144
443616889
148841219
212806755
311409980
7082310
429285933
11643250
32086680
268462975
332534336
311777839
302379317
17257665
424573067
260002014
140761948
185253608
143093864
259593706
260933410
300739542
219435760
382419656
198558204
31852435
293362029
167596967
45546342
6172378
22233733
219249003
340819999
342178183
189351154
424512294
459922438
816349
203279196
144481667
399619678
268825740
154811216
178538635
340173446
304491056
22819756
257724615
70783201
384746135
49608088
309716846
213041183
54251170
441791515
397123301
338623617
5196070
165826719
366312012
261137158
229706760
242940029
255784611
198184639
360814602
87603540
383652537
388815001
85584
53313899
238770902
336664917
196661603
396776485
261696824
373708330
135084460
53171696
175463799
143207771
307291050
150168739
454762735
106059308
40086841
255594852
232030732
357231285
195187836
369478478
380886535
402130354
388815129
29939333
442928361
99238418
86133291
242968631
765639461
313027407
4065545
380698768
198104759
3801206
173367336
72597825
392979561
19942773
344184668
435855608
201015254
195189147
158569305
445063861
407578922
13391990
219778756
26177516
26077428
231976604
95830170
394509250
308026423
257803734
1450781
102042316
320336423
292849612
452475468
60979226
100529544
41862795
383630840
258911295
50381881
125783023
314864194
353968091
455008358
253037674
394818541
243368138
229797691
289945966
170104582
150229553
25000587
116247916
356637024
24207247
9595029
238919863
142871498
274385041
207462385
411174787
276461425
403734857
401921477
418334780
23501440
372912731
88723655
418640538
58820081
165313619
393196886
262612450
180285177
307284458
393415420
302668335
207431122
383487298
412064386
379236180
453086047
20803226
424383662
322647341
254107316
397150743
318944526
191725851
134983866
147463418
92244691
219502174
160191930
26777265
88645597
54003409
258664502
418011821
445916122
121624
345451200
156511150
124286087
161819717
11452719
350544740
232611743
382146477
442956224
52243803
142429758
26500747
253716577
293567717
190946699
35707192
39979392
10219190
356108292
218710779
231932939
387797467
168349681
123700372
96198073
49063191
302211049
261332272
233681770
50312359
123254982
444981336
452678295
147225453
99725349
231806139
18941312
149578889
386616944
101204215
86529677
59656420
467179271
439404259
92994058
235738474
165214774
234832903
3895637
288298382
320506401
171008590
358513436
158567563
154718141
101648378
95765924
121890827
33490778
11046831
187177077
416536313
61535401
266200506
58534185
352005074
220621745
334576826
155639688
399733773
319466836
80429384
777779709
162305348
81108841
162148141
47627665
130369045
329250735
70847328
377180141
347037592
255783516
97399027
249077498
155581200
311524140
415346779
389788140
262419253
393030897
167009292
284268404
146596885
169449423
401496107
62905053
356936645
4351640
438088891
49427234
1251111
265076713
307956674
177919822
57300823
459949623
345835653
177021125
439411738
58758321
144501127
259356232
100098123
348960526
302895615
21509252
197858214
40047001
242133803
230241743
231944145
122686279
51034344
439990826
49614983
438464904
52540180
116438630
374980865
146763034
391475726
71629114
154455953
105847947
300140148
350294861
388923548
254008770
166572233
59751877
165880666
268687807
239119054
125175122
38633112
310168633
8966478
232567631
309591419
9562384
51781953
288433074
142587727
455280580
149631035
390531003
172535780
298661905
294097015
450106436
276252925
250157941
98164349
307569174
442964372
60793020
115942949
376719232
255568529
288130546
262814463
286041210
297023823
24225968
219212445
443994961
74196134
122861429
13073140
176985427
117744025
55994765
40084744
57404590
158865400
219207720
349478970
135098848
236715816
314107148
32209177
137506146
413200821
135075235
459865437
366697258
261088143
147904244
69272245
269851516
347165825
144930591
67558375
231236273
402133480
77629090
328899253
373028100
146381784
103678148
200298068
63797577
117671288
230381054
173737146
91017215
231957339
289582095
317301517
170103435
287096892
146556950
365092078
357618734
242961294
453350016
54043753
405227907
445865129
319436775
114922710
101916537
289942069
438568176
393013869
101100296
27195122
165761567
448415687
444640076
28241428
309850229
367787291
345073108
177255132
302846037
70742281
165887240
377046596
165733875
407345091
70900548
264486249
356109662
167891744
24247811
238332652
3963622
418755670
190727595
147463376
287494145
452375865
467688160
337218611
99127778
8865387
417178863
93374951
206607133
146284643
468269135
103691396
318363572
354517628
310961996
441593573
48476500
219380984
162555298
392843443
158550827
166075528
184450647
75353949
307784471
139252946
159504148
9298333
231012247
35159593
457648102
32781570
43398950
201740335
372979678
248382748
386563300
268533579
437299689
159880233
357306375
66434263
77489946
139480497
237907998
21711509
22847953
322686825
300442973
282999892
280053409
71249213
229105702
246689607
425178127
231834062
43215056
429383724
184608414
153079264
155948254
156200899
297021467
91276178
11382309
403506319
319313276
344369755
334812670
369492160
156810780
425141835
286229244
138857501
288540048
424391516
50838805
269056435
407515976
84774765
35650877
50310870
292843785
46424905
451603829
379050866
391905694
165416200
283747179
199826336
270417193
277961624
382268131
358578527
426008995
407634172
178717441
174744227
392463493
269614575
274697590
43473553
344027447
282577904
83014482
393012730
231285939
55650481
205291945
88933908
149124536
147992798
389872106
173527660
62940433
81075714
424384466
356537462
176723875
236394963
309758235
33663699
165901981
243474898
81194796
72662174
299943686
434454480
432694936
53831711
32052313
393270131
238190495
103604595
278991274
272757660
323063156
38571276
229586778
140580634
454455305
269425943
404736476
14004556
219211028
396742694
452406393
366527820
172571100
461585810
107317430
467652288
17102962
321928020
304933860
291016633
270006738
139753245
21403232
289582416
289523534
77957666
393947767
73328570
220614014
3853645
387069566
144513715
367839638
201920158
427543403
269787345
348997307
165427762
73324602
406973033
284295760
379243633
219251661
12095151
60180110
22718077
88172175
456653674
307085363
300654276
56884451
138773933
391947542
173760768
382903180
17557757
323600811
348762441
383391299
49522108
26124018
278271745
9455407
60958279
349091511
229767929
417937454
356603857
445992045
461749701
99331053
350142516
459902234
438685172
248442302
127310336
20212115
250380344
229618802
29832530
149602615
361488812
409309251
52286892
464798908
43473179
388940683
386891734
48330947
81641705
198081257
401398178
320322091
11736719
71518565
98491127
130296926
169343901
67458859
35855930
136953834
219184023
206532858
345448458
370238313
101070347
306669564
269762836
303773258
395056389
348015592
231830169
456611858
170753186
158118884
59206049
59707435
272189867
31375950
1066957
371831206
28156690
8818911
180255642
31673724
397243031
59971629
55402208
240071113
24397579
333492968
248649028
24601393
411926706
183592742
398704660
383751141
229101775
37235282
404853842
63790159
389841767
453106171
408773342
160091723
122617131
8482479
38153361
470989220
320524751
43106200
419065683
328502522
97303318
469181024
250187906
459224038
33743853
84663980
11457044
382423918
18749134
43788571
245938958
123929119
220459208
255735321
307368380
166175710
259511357
43842966
305184963
150395842
30598957
272962254
13561529
407578914
383477008
268750761
79308119
269952516
126320345
41465344
66531431
41858368
344755786
149302507
158637022
311858490
123368029
119442593
304854882
381287090
255698547
17676838
72753296
188828062
284124227
334579142
66530495
9962275
82204293
144483568
272285823
268565917
129901623
71616159
242989437
12425084
158067920
79612086
9274919
22686643
178285697
180223021
263545365
134757650
253851993
328979755
232540466
383526584
177387745
390018170
81213823
283749113
21624574
262579972
60257370
389304263
358248973
429996459
143315109
456238035
115518692
139386856
408215444
166674909
340018508
38844454
274383974
52258271
44267
124577141
396916240
56939958
165502521
20070581
52745238
288267491
25116013
83154281
350841387
233460323
148839634
54846362
159940419
290777256
231308507
105776169
289446753
406758845
78899769
426958788
88865507
85098263
152806446
461720392
452808881
149346267
269200838
9455301
27953491
258060557
271971993
394273592
20319896
256299955
236785287
405476976
27634101
219032429
156102574
176449412
219760439
456996521
142930396
53429680
286099192
458236186
139936390
337388890
441497101
24695570
24270176
435916355
25080811
116488427
369480832
441715987
123853706
189816670
92736909
23511198
175240820
21246653
393339333
382532586
445709402
390727106
219162251
99745190
49617297
219240699
64108741
152700277
298666243
394811060
286941396
261328321
67168208
400637055
52196272
56099207
279824377
311236137
189016091
453822028
287962164
219869754
45377356
356675680
220567495
396736763
79278527
116143872
235172793
408037026
65837630
279433960
468450546
157201249
149125483
396956371
276645384
452154400
423477373
290468619
175233605
468957015
282811464
54516589
357470679
263013977
286907133
432639294
113884733
188035285
234549724
367839927
435291291
418759763
380332223
172365675
373983917
403021953
22769085
165733153
184898883
284566688
445521878
233201273
445854503
394166876
67649923
165501913
53837065
255684788
197891574
239206568
317718646
67747622
67827103
128182055
157174872
270365485
14399513
175195001
458482496
98609758
142085649
70723238
182012072
70797827
69366348
271514905
3940647
52049479
147895926
268319568
156834549
94985910
88359765
143551809
305218599
287637973
27193807
46636592
25755984
167527371
148127143
323347562
449899705
232602795
313939489
156068911
397328649
373730447
308752235
65324422
199481092
450079347
207497007
453260798
335719755
229776076
297897743
190136017
248379363
63220914
144461637
232524084
144440290
97468323
248344724
317730362
231091557
16807316
33590247
232050415
345589097
459220580
301999432
189437897
219833942
266308516
169250773
261397095
72416691
31108817
70905821
85254493
75390366
262401352
238062199
348898411
95767039
300810012
219160956
55341859
323169686
423474567
36916136
355827122
428701706
264900592
43474276
435924353
3960869
72578814
219183728
442894697
40086555
339735335
302043226
241040309
14602952
291038205
193970478
141371334
276964840
397597550
409121186
140894185
257060832
170767808
291108356
231280042
371591162
364592166
366657411
17763136
178871928
287492756
28107384
311413230
334735503
168981646
157350128
219064439
420817212
349967099
29901695
8190951
365550671
333157694
200438931
345448441
115514831
461191072
300603045
167883829
140778620
38512507
53816395
98798020
460040586
418025435
161497457
233212710
175290867
274675353
157263200
48743598
418338929
445836015
274239240
268636981
150315191
248390187
301609739
467826518
150125853
178923397
393385816
160378283
344028041
43215490
333489308
139117775
289942489
468336385
269981050
71107078
148043009
416459860
289939747
357017977
280053308
76276489
149861394
260607849
446447828
321576112
259590119
36707830
60765867
201495647
77839540
59748704
394357388
63919839
149566942
30848801
86277133
270352627
55480220
17817317
116213327
229741497
445930406
140688452
356733248
160419971
70961145
85335198
211438925
274966709
138851664
258389327
52094635
143218286
237360780
335459891
438040594
294343466
37773936
49953999
237418726
450096183
54506152
309434132
168598533
298811800
388920708
220410485
200391069
38587771
113921224
379136363
149121728
375091982
52129872
144219989
468337385
275308662
379335394
443579628
118676764
397585508
362653719
255754991
350428035
127426708
303910380
46533179
150391226
369299790
272000355
165881403
439498334
197242422
380024391
147670297
67475780
406782071
149930096
189957937
404467723
35947135
167695608
288608395
316972917
468316689
362256785
20535913
138401783
350545368
371490946
178245928
284421178
303688952
129838085
435310805
193972934
440946503
148877984
167803343
375272476
279698811
141816834
281669576
211345176
354067251
183563651
160519270
313940354
6726903
165989365
142262969
9445605
91438464
286097964
7978319
272322750
32450063
404631306
418289827
357509843
302990423
13272123
142276969
390730700
97851410
293625216
32534298
309856010
340174985
440697461
182729151
260419882
31529985
20069201
400155052
28295537
121385873
397895770
73654591
259511743
230199334
13564
398570074
91319105
19560003
397593102
319557250
448807213
284346456
367855252
280049258
21649494
447047212
453104639
93841299
309545003
161003910
117799763
394359720
177428155
129371913
392981712
52216943
46684985
250466847
399090479
27035649
67582878
258622007
113953878
425226025
405494530
39515646
271903095
27194480
101641933
100832881
441801515
220399766
165716892
18152680
150265249
207142885
62627023
238037356
167304967
157570498
5081804
180696639
123328939
158452966
445020148
18928971
38382446
320079492
11292834
31633992
147878062
284202208
266018414
376883820
438170612
434223704
370010509
114433667
49454591
119060635
468980287
174428073
355173139
6117499
129741794
121620421
97314330
195192357
397149475
173090545
279245812
126214266
372954941
461619882
381362569
252981354
66977080
43215083
162149630
52058680
251084997
331944646
141101035
159453622
397519206
277030086
230228438
118298029
238871118
367586235
22008309
253008214
306775774
246851241
188174892
21541767
103806450
229116171
229079823
138734603
439498388
43728457
393143076
198052609
165917846
297984114
267569347
279402436
427545204
41107892
160146205
265352023
274977612
120008059
468989864
219259572
62844402
177033514
50379039
388129781
201372752
30999507
303604328
26207775
62578711
181880034
199573345
269695173
418162029
317325481
60998024
232055928
301055853
232037345
199480953
166183636
269629471
175264623
468955089
7724298
38133173
283828652
199663702
252463091
407516437
307781321
4696194
80427253
237560803
371267691
235272207
335475197
464831840
139683037
20325159
280019909
277021897
150168785
144306296
154787585
614556
101823396
366722716
49613355
425278220
122608780
239207521
178938225
349307106
403599575
243223934
462700825
167164631
50742129
469942286
244161639
250388302
114690693
467905911
243504149
146520657
78011958
459211673
159971897
306753017
116658460
100588940
353256653
352078098
459349857
26981702
459252616
421806767
270003279
43647325
369459037
177046894
429353735
306773450
220600566
15818152
111363649
398767751
455138808
115660788
256470244
178370413
138182190
294090620
449908182
138543323
160196741
153838581
349825632
75391203
180852549
97284601
201856112
230111892
5012856
4750565
376871715
148756903
65951358
21748709
349385178
102164839
230085909
62377948
358021545
43136516
33648575
264736823
306895209
170785708
30273869
288106069
453504577
7204925
87975890
167694469
332620735
157116867
219894651
110709971
206404532
236776349
423591217
206435948
50310742
326096162
340460079
25792074
404511182
464557126
363497255
149658978
157912658
45375153
229894254
233537766
141424643
339956946
366960612
180724599
167891110
302869216
172899674
37351614
233717706
99272507
350517579
454113278
43530372
57988389
169051032
27845677
381713319
377387054
137752207
85242036
146523262
372368963
36731573
254511368
459190178
5194059
322735984
160602772
52116525
148567812
141304084
260538402
80487985
79517076
52758412
460017641
114165693
258267971
177253202
161460288
277961819
142109731
259515626
186896148
160350794
135082647
134977626
124844203
192829650
285117215
405744230
98855760
21623852
255703614
418148479
386627628
169321453
347439311
88622033
24695161
80077247
142200259
91640056
422292144
10219330
266031238
241165970
202293153
119378792
385191707
159186496
420367001
164752769
422273624
363913473
307436950
303951673
266075833
262780787
220596308
70854931
378978463
305323896
234933443
457419964
35650389
202352796
77956168
25194844
72679238
441588787
38810787
173163636
450342673
376903273
306509624
314288370
66411564
77263045
316331471
453836495
396948814
9065896
135085033
88407974
126368660
231734096
453837341
124422832
445917156
199523754
159140525
165717394
159456431
231315188
158596208
183560287
406276109
344297465
147475504
333557230
219198952
52402679
197067503
114504331
348421832
219240217
137504709
219237079
8508781
229644321
202426591
350585031
383187860
142384335
352002450
82525789
230117651
256266903
334579489
5530177
74387651
248388999
333734767
321451516
334382552
219222703
285430038
294353314
372757961
332973346
6080209
124083410
38462492
201801992
220596564
21290095
158168653
165730685
86262815
260301309
359006802
374273000
219344518
470501957
376928032
13071172
386646447
290645688
41955775
404771722
238074697
432162081
276308065
373729341
201299510
47386106
418740291
350335823
38000192
290486919
268378448
45896868
154271036
415751180
358510088
340701910
320207868
229093048
416440302
263050762
145250767
179081701
219493490
232535420
7472566
82287994
231060957
437045728
7781496
307717667
219850460
20495581
408047845
394701331
166808510
323427177
57059818
115301970
426976719
260265683
130181828
6179488
219400271
160227822
339673024
158923991
389955369
287164617
18915205
159372129
206617374
160068223
241192757
143509371
106501145
440920260
460000311
141605929
193948509
282049571
382246883
80376025
315703956
462638695
154926789
306935011
169017320
311887014
41085704
207391851
37124742
41087248
60340042
168792781
150271169
154340830
366527966
286947349
322737380
302426017
315350812
124843469
219878119
281583030
320335403
399704434
198185734
231075681
1400060
146710681
141943723
198492094
80427712
115595159
445648479
393798456
348723325
86120214
123368468
164696147
162246865
161665765
336892483
284679838
459977144
5649424
22635931
84529403
374996363
293112127
21187590
209799924
46304014
172896474
268634445
438059849
354747605
340181057
82390544
357781077
392529201
441659243
330442672
63697556
664011
347414768
332972989
389303003
129983238
260162995
219161742
255571411
116881435
52322478
79349218
311627439
300378621
178627809
236714899
447091595
349355839
458479571
462576263
365968146
445779063
278384429
391825094
238603039
454151047
357360630
369472669
10053690
417646866
176148326
389356232
446678210
294620596
454146913
383642141
125551571
165598075
308843166
350032961
442869307
77706854
197241887
140931550
189542693
76265611
46311983
229642505
248347338
197830591
119286777
180673155
365006942
306738432
292817953
154665065
33368467
443625969
293270302
70597800
140970613
170161335
78011576
115633147
38574582
288635598
404736410
348898639
29835703
11201351
139527595
412873711
33992561
59132612
435875735
396734533
52501992
289582574
219739093
101496172
67259303
279093972
238194082
399120389
334378519
102029895
31745711
453442582
66493317
70715856
413929792
294212128
233740053
283746609
183620516
262434265
365694569
316332648
149478846
229706981
6671863
262500892
306343417
18765051
416308206
456267277
155871895
157156222
50897219
381287303
408746963
357232756
161515844
231857141
197884855
441688871
79519247
287491978
287962899
196676177
363380864
57533509
336071273
264484239
130651610
29836061
161474983
76702647
373692552
7421869
127502652
365090209
60003219
220399378
16769330
257740556
410488062
255639072
160419510
287720039
101867169
367853417
60325051
22394932
4695842
71587908
14826586
423618291
71981127
426488453
403596901
329135325
261262080
239152963
377167168
259701242
197831644
406755195
41836178
176402443
262389045
11672417
448806884
161745939
92232287
307798230
405672795
180290646
302417511
49666083
357810702
12879126
376797777
7057696
57987983
39420805
290405784
291374318
235679027
238197573
152822365
202282582
278271171
166325224
11545446
388918281
435925322
124601656
147563866
192928333
144310541
817069
16775658
141807811
252963435
99050970
389758646
198557459
307718114
349288145
184916856
207431072
27234042
219773853
454223032
123255201
448692560
229798535
165555225
401839297
72415866
82325582
358070657
235563547
304412656
146728847
211441818
278990983
192831443
183560028
159453129
34163769
140431598
455272181
68414419
32481722
394724532
235557306
185241640
124849902
403511861
302698342
309764533
51624560
383700715
397483467
121591141
272758025
309791758
350449035
117937832
266006599
47003818
300380511
9115391
21545460
56661383
237409315
461253569
38589947
410425678
280776557
220459813
423765019
267779140
197830136
115942735
411553901
239201459
147659903
167574513
156160288
193551981
306740466
188506310
154855436
111267827
293367555
229089063
367673713
334576086
357662228
428786599
282381954
160119330
459769385
354132998
177271663
287298304
184892866
366323640
449902497
242061093
441768698
159188365
9434278
289999631
444857848
354747173
165424073
348865739
220407213
36832691
51895641
262028828
367839129
39174790
354832326
124122562
131003732
439914071
359055046
43478302
72652651
124987090
101133504
7903348
1730275
303356256
415840145
459242214
381480997
46619319
327937604
28216791
260076575
273861974
76142059
335696852
142205276
165892447
274842410
409795532
289666772
395838546
49417099
14337675
278279231
337420006
93239253
62627770
142869587
364588606
71468124
28242238
328232071
37744298
422883569
127001701
284168606
231810062
347288351
8469340
9300212
350545133
397153295
34084953
367839745
399073308
358017334
441803025
302553786
272318324
51986347
82710140
158170891
269914866
287836352
73519633
258918835
355278088
410338532
90942853
267742609
231073821
402132587
14827938
259904315
263634669
292476950
152151623
357263110
231205049
292841597
198149837
45036747
9348479
163253423
293625427
467231403
266304112
287956794
11362386
233720590
237918454
179566942
307984782
156118140
196900388
1693252
138560168
229736863
467163355
184550322
456341321
279516815
420723284
255158993
24404829
317172424
311577954
150817760
207245081
246887001
31851830
11552554
348686540
148621059
219773017
43475351
398779116
117775094
457916828
219034760
453618704
46172747
321584220
14674292
154760125
144540899
310512500
256836935
242939931
219160655
191241286
323813442
92044209
452813525
369458959
124128607
308216297
396817182
21572851
257436372
36837209
317018761
207397267
38065293
309849138
464771706
455277553
285973559
38760904
357170407
55604400
350709446
271812055
291160254
197885600
116888149
365510991
397141229
146665077
307840972
219495843
328179553
293344837
363036461
284653672
279089408
58870552
200438830
402978613
299778291
264147612
252878031
461310984
176719688
312068920
9266264
24184733
199635238
21339280
436663255
127586920
412178509
278409850
29932803
440733493
3964964
307567735
229668932
12469572
138907945
459915322
379081157
107223500
333624455
51533878
233005926
376490838
166760674
138736206
188786422
124691840
10932605
357612818
392835615
445392672
121338178
9390986
33521996
167126007
229609490
73351135
199688388
30928435
55272404
363573014
189791868
147799311
24250134
1309304
355281777
150227732
147976834
14803242
424240435
219116889
3901781
410066208
48335182
178370372
55375857
289991067
279360449
20416302
6350754
47511167
459215006
36730573
407615518
73537947
55758731
1440330
37796664
135353587
138183020
200211952
357398134
468870980
119033767
423355672
287298114
357237600
31741104
37441870
137800549
167364359
365565671
11645553
66377629
469968831
162685618
99270285
377248814
400210609
406805962
364541362
302265618
115419002
384484519
67744101
369377398
11816849
390652279
299005415
233979868
166058620
337219867
365968277
313934981
246942458
120091486
264483519
347756351
192071095
197096732
446524809
350333328
373986482
152287870
184281621
56124677
387107334
198184045
73765625
36704711
56128639
248958532
34928785
219960158
26762096
307218056
350315985
219000762
371703246
157973974
110995893
127000526
59884783
115482129
230119469
404561284
32554144
252966523
380156540
178650675
27319949
260002054
447521617
372713522
236770588
457918124
259516671
219738210
32256063
231045282
294156620
31999438
288610338
125744258
283208265
399030658
332700723
198390828
106902683
157012544
124123053
220478335
304591699
138329151
313007038
440675451
103439363
192971469
138652016
441812588
191945009
62475603
259645846
293985386
232019720
67474686
23221725
397360734
24980002
71561609
250548693
70544583
120888213
143206639
231020016
387968740
334631890
170887953
197886895
437051820
4558650
219501665
207435894
272848842
79442061
55291546
233097772
339574468
259531735
53189260
160113825
444043522
380672669
143634395
152482789
124920825
358247323
405503268
24269073
148405400
353532019
381978901
284680750
7860530
165985906
402852751
295546756
165733809
42603984
241265750
44646494
384078861
160351583
175261984
170159408
308450213
425872891
118893521
138860628
184892872
229740848
422149668
357414049
420747914
301556255
165316951
339772067
308512642
393273644
235711847
302605142
8917287
408214094
71344323
234510669
426031516
459249538
147609105
51435823
348954289
156464005
207437052
67654413
54091573
85697883
82201378
302517583
158531764
356427163
156215534
175378162
160144106
376645172
282794338
213013618
309547805
62403610
446692047
380153780
458686670
78564337
142150079
46204354
50787901
88646372
302667756
140596539
155348
41530565
458452934
80421208
134358775
165764813
230111512
20901231
150443296
23608717
80791803
456339049
350182697
50386332
436566337
75551169
49255900
451423806
389786845
53284679
38896189
207402795
157935653
86268770
416714050
327914956
394712847
230377874
396557493
87862
44452017
53210166
294680431
255629739
101624385
429665926
252909848
143281666
219230342
303354265
404520341
150023167
688081
287139712
261646671
326262472
178873605
380247243
237929527
71303947
178893392
80539690
373510216
396723075
449153848
168163953
173030930
467618586
350820039
99055862
247750372
88408890
404463801
81216000
231461096
219855821
267570988
24921603
219160517
274384792
28055141
38459667
78383638
335660398
256265247
416020968
445831245
299468398
233526869
52018176
389854958
385589679
30833377
66493797
7222567
36951203
99032814
396948277
268536921
348214690
258455130
408820428
142205199
377497614
293604479
151466677
207497389
295696432
350343412
178666991
146803656
121203989
165532985
9267364
286055696
437745879
35840030
153708621
445921735
229547995
114471605
457230499
118678562
61125572
416277351
7782892
200458551
154223700
154941731
419998091
358841813
56514986
112390973
82286180
12395214
306995504
317096584
74214081
276272334
55369613
95250561
201492238
350807392
441597080
14165094
241099567
333700447
427456635
408262757
135449041
271597162
237943753
97487557
57787195
52151154
369707017
413394566
236791733
272678802
371293426
365070726
300159082
219194969
408627755
441498296
180653953
161822224
105577807
219799983
450077146
349451610
157323544
286036161
181820016
246846152
462544306
153441153
186807610
293373615
124086703
201431127
162555129
156600137
144490472
317564714
302728336
199682509
150277126
328902341
368414195
156586683
74153998
394658468
383631166
458486045
137030718
457895640
219402043
243493083
197117103
139352583
219697927
143077055
233625035
7129031
67596554
322050553
306823515
155872701
138827867
76414535
251025485
423613145
345983807
400133505
9458656
91415544
406413893
307090066
5230459
36956221
81103318
2594287
3807827
348763453
306740472
122560096
97472779
394591562
446454327
162595188
293481212
389854832
306775073
275541723
141482983
242091706
93028734
77954764
348962074
58534071
248944413
268911961
178868391
275379929
92193367
445842341
256003305
148662156
300041411
178199405
70632972
441663010
267627162
384159909
295591757
155918676
231961851
207387595
281575796
452629042
41973424
230114084
88764747
307159480
294053293
41083221
456236026
332820538
234772092
233211303
457894315
101549194
172605710
332110930
219179634
425997655
415367143
293165964
371328473
237932671
142349314
141755163
459976933
14081210
237607792
71612483
158056221
140192867
11671472
55489195
10052611
356900546
145664543
71874539
458423408
289512308
99823799
357533448
142110487
408836353
192156867
169421607
197845043
157872848
60339155
335914615
178781298
281887929
378978926
390686745
149036758
279050829
300163348
295698518
242511573
396972984
77616765
284597177
343964528
459189360
431380278
142980919
51271797
382536042
73380339
24430344
252956774
383677476
333603780
415370609
464551969
139369634
372816557
428776614
286036860
230375947
24626945
200744242
380028823
103223529
339772221
159950015
317599789
94924019
52219174
354068133
438608898
233730505
107376107
36765422
158506420
24693092
56001026
192826603
233129352
354572272
344320218
288524807
98659335
75354047
331941425
272355690
166179479
99137027
270693398
388130663
355183605
248954338
436008066
251070724
120579932
112923749
451574485
418254017
171648585
246852134
187323864
269728337
382258948
102303816
307958851
418468534
97364426
84833857
246845269
38161230
375035218
233602172
259586713
262710798
374238953
337877365
150321330
101256605
140282096
454336196
389852720
118251031
233650663
106059002
41777648
178341659
278184866
6472196
407878148
181857383
272000965
179959319
408016281
430144142
282713841
459795735
423832383
52907439
293523013
425157393
255753781
99971532
459957047
369969602
270504910
423318209
197249356
240757439
410359030
393476874
194462329
180144953
7186062
5985469
281567718
142142586
231913444
172933328
461615445
328997552
138860046
16270686
197907308
116441569
357109467
393389739
293281206
228760848
57724744
180998339
179035809
165370955
75375007
357396848
4700729
458347635
1120305
306800430
331988641
265342111
174393877
406685005
448641551
386613049
396863822
231235717
72986026
158945169
300327709
189594686
390853444
377188969
304271973
349804329
179257958
133330918
219871829
171004654
80943182
864375
67689382
91595408
131042363
59001396
3819281
452718256
246857356
38693449
243244680
97369520
119438357
17969786
347386274
68257954
278499947
341631180
328324648
441741053
92013930
123665218
331792009
73435297
375058426
301628587
81809656
71213835
100014454
138171891
148910602
67398302
281595351
138713402
300290214
70775919
87246360
308994795
142780939
392655783
459918089
149507658
61129226
386967857
344625489
405549991
279536769
303099432
426324568
126062393
433496858
101771812
156151970
241259860
425938730
181914388
367676567
39984373
418473171
76379378
219429013
38907182
179225631
404805415
57192304
264680867
102897629
443316662
418338317
323249581
366577147
43783281
436645102
340482557
397520335
166088936
263016357
246931208
268148512
141585525
385313996
464273479
178824598
299899313
344926261
86178904
160097459
368062857
308450816
334578187
71789061
71468232
149248969
60589239
31797131
237362502
255594218
80315114
262883563
177017776
249026797
445770234
105511065
166075851
413302895
56357330
55450613
410452768
288300641
46298777
408932419
24666226
207465464
269741984
394947052
337633287
311965988
98369493
307158732
272574590
136819325
458654855
291561579
410424899
8004715
363547269
376931107
294983548
117642539
6665417
36884676
158447595
269543134
272086159
310018571
27652005
343964592
248992635
212979337
95959143
73226782
123369543
50793225
180608223
375177580
406771524
281580801
323424213
309352598
354516601
260607889
242404245
48778243
141287267
391925508
282705295
198481518
389347526
48423051
288129227
308844002
380641758
335635628
367673178
99151039
179366435
235716445
441799968
304447052
193272979
135158320
14776754
72668152
286167347
33596741
157152635
129660288
220249957
290286894
21552409
148993614
59272933
183494752
100905180
94720566
291067264
129767247
22324882
445864060
115863332
455249526
168704853
50756113
408237914
279361366
28289802
257658584
337216760
12377160
191202881
150971190
237398423
106263963
147792646
68161800
443621055
294266638
267210799
147921343
408671983
174956299
150431816
279091054
384294103
55643881
302956357
154117383
345457593
365776992
219210710
17885601
389918110
341338266
264680938
393529758
26984298
406408098
167421913
68121564
72923086
170315828
323710162
202490032
193158261
77951924
363517435
404509765
167304005
441665384
52105924
32269150
268587249
278775625
467154194
6523078
335915215
150266726
411691168
308580741
182644777
72007919
452202468
179906404
243620370
305824532
396827620
351364321
101834009
58714441
198208337
73434567
373491809
377107571
116416387
119495266
347543971
159437272
452473028
402323400
319323141
260507244
150249771
274722870
398406199
312886168
141096229
105578419
165624500
229907859
434235244
289511697
86280613
224291637
345582727
78074685
129814313
394823707
197934722
369705105
119177169
335966036
166531322
422885544
93096525
37999744
152359725
237933846
32946101
50621609
358017638
248991268
306381990
422330793
251882735
131338239
412748345
374858736
829582204
72596986
339772253
397519199
68572627
397425844
219223301
250164043
33591202
67091328
349921340
60722633
4490480
231796533
17379576
358015462
259512547
336893387
58107130
257079857
30802397
117747893
288432864
95332091
71411534
292330157
68802253
306122388
136951255
262781888
23273923
166787782
24429933
21445281
136845793
207502900
55477093
300974637
386890503
445517592
350580827
50725373
396999066
178873795
266769592
339859467
55994881
453052387
19943295
251877744
347575158
408013652
242319357
260078682
68412057
130371840
176476319
375221803
21231663
167086013
130650458
459982883
238092328
156076042
43529588
114552635
444891608
394276098
257559437
39019899
268859984
263598592
149009923
279200923
234899029
53569311
334891727
48210538
40046149
440734536
59002051
348998666
146311495
52497843
381732814
103781062
398221405
231056825
341039329
80652501
229113069
201235927
65325108
453530375
229810275
231738337
174442669
341041890
170676529
311536402
405474471
265206475
272061853
397559459
180670019
202379595
420980501
317298228
341933415
149274983
53150508
414966572
39719455
400154861
60983070
364979703
148766786
26984987
289536949
294154491
280775141
313425349
377260518
380909257
22896612
241261477
172410200
88458623
307642865
50836535
165331776
49417028
377364321
427377820
4250294
88564693
165987404
382473071
148041408
242968456
159768918
38635141
138253058
129421442
130330742
92996295
462640114
198073526
28054434
294394009
301051456
383048094
279570033
257802172
260301230
4427861
281923665
51036730
177112625
198492180
167888364
26693554
259475499
383468514
13021674
409292603
159990797
451087198
150280199
281729296
154223668
394243625
367677690
452808368
52366167
180028370
164697735
178924764
323130960
294230627
229671813
340704713
23853307
17740487
177174590
301403959
43712012
207090424
393965168
374349398
160540711
179298808
88024494
391925156
189438307
307678335
248997350
267489711
364421169
8617063
55558686
289909720
140661595
101936170
93695155
363600442
232535406
299178251
393699879
436843306
369992255
379238478
421794782
234333088
270092196
440677016
236827700
79563795
457173145
67363282
93419071
320473367
242985373
307210342
121552748
371766888
350400670
65417855
23752576
257402086
32314900
287836857
246848029
397292492
248943164
441725501
120491405
34186006
44740516
369585989
34187560
330799853
232967440
138440027
451570921
148895576
11455319
357156064
361995178
147758801
427455523
393672177
14394483
302663808
383467010
308401951
30927137
158566066
4116396
22010876
849887478
200787477
453483735
206385283
4293668
453095006
180417243
17817739
179738529
396999493
288618758
88910733
79392132
135370387
39011041
152502833
251823106
260075733
55682262
18662280
404660560
418638384
265809631
332816466
167366792
38594608
332646261
380639589
79775076
166768044
306824672
156647911
382574020
397017528
432140748
31853868
116156733
349973576
9065338
72622820
468905412
367855932
366660650
95803176
155175212
48275920
412967166
150583850
402149508
142780201
160165674
467149599
202384602
78989204
356674393
418659245
220613708
1309010
446421149
180627814
270428740
165549248
38942727
347552466
10059322
379953042
279320397
388015550
77228301
319560376
343995970
33665280
253636500
150323138
106264475
88687350
255587561
404505302
236766707
160800330
160420463
344999096
372917805
391844527
339636032
48744955
153801499
26773454
372723747
6890706
55751064
460840007
254305511
307404226
365005904
101625221
144431050
189020207
63883569
31799716
429232425
347050569
30027937
284711482
8965109
357102886
230120843
454048911
7723090
388104525
140476407
41112771
267259658
376687903
73566590
21726939
456900762
383381570
382043066
219473408
349641212
116307325
302043038
62898060
169248427
375089118
22910752
377568929
43610711
149350447
395089055
265042742
441505952
38696123
142936048
421192182
255783330
121374493
162617133
6014112
142982210
440150441
359555454
453750841
319475477
397290960
461619751
219492314
192948036
22876812
135158902
25063396
457196490
388198915
20422393
357820595
367613156
327297994
418806653
138976230
30960202
150430275
51908873
72653584
186853105
158147438
102782602
244178442
455151727
240172232
234505482
441802676
198107103
94987592
51688029
122463019
267356593
41955544
183648559
59607432
436812310
229154644
369490657
333505144
308184103
235886060
152595196
394350251
156935643
140834815
313261759
156950890
20541855
461388577
150443238
150478394
253019604
130475395
408012706
198364658
435282167
197830002
424434213
100683365
329173590
464287193
384300089
328585183
4421721
189598547
23709899
251849537
199666911
238606479
270314525
255746295
120393717
152373838
395603559
130575760
24522796
334637765
275184074
27550937
396721080
356739806
244212283
93024671
1034145
48619112
31746865
50385007
298289830
238946851
392986553
14662881
20997444
411102447
148835908
371768026
429297675
78883061
101039332
77566937
220061530
303598853
393015062
434384707
268635135
442924534
84829547
353775383
17204835
72623761
287353701
36733045
301306335
343828974
435308833
64205009
306891015
1604062
406872253
356732921
317550901
176944546
18847061
9474136
177035006
370040920
300890522
18824354
27306756
281926812
67631163
99745497
398217154
333624887
299908219
172530847
166767538
350031852
243364561
38678638
235715437
138295518
282941110
358512021
239149308
418147389
46389078
