30853028
148963635
28298510
55559067
114912985
262497025
233580065
260655847
150442152
219860013
169225390
269698397
329153604
198242745
353988778
30265037
279342892
229639858
274801993
233085151
10747908
92936824
169225390
230128292
367102989
233580065
219096868
274801993
349188843
219811092
232634867
233580065
150442152
354552931
18073590
150442152
219802774
154067902
229914817
329153604
288107095
219007842
233580065
300161002
350825116
172838490
272317789
140510714
233085151
416282724
219010723
279727001
258145949
71738687
31816240
233733505
55559067
278183342
141472911
230088835
31816240
229639858
230070108
233580065
31816240
149390710
52079970
272317789
406856680
229482394
329153604
25118098
329153604
154011403
350584303
245838702
339887586
345772918
335660361
177179614
272235353
231091547
394151928
272086938
350342269
151069299
233622256
382028854
291111653
323621786
234497780
150442152
229639858
243279536
188770072
146939561
332503809
406856680
341687229
232634867
192774147
259513779
317019578
309855575
349374407
198383789
30265037
358577149
370007451
233580065
141478320
232634867
290003678
233580065
233622256
101913979
176379354
453095415
24242666
172411691
176956040
232634867
232634867
219777669
150318158
265674492
229639858
219389784
232634867
332503809
350861012
169225390
272317789
233658025
274801993
260655847
169225390
451606344
350433501
279091008
229646945
348842808
141478320
31927487
272189927
353988778
120197271
98042934
350342269
353988778
224605278
141757732
55478222
288240522
192774147
177179614
219096868
233658025
8194633
401574080
232634867
234497780
350825116
328944107
230088835
233580065
323621786
329153604
99028233
237282368
437035863
29987134
393944333
317772348
462662599
279342892
224605278
233580065
150442152
388084386
24242666
350295877
453095415
202421707
219777669
294871044
219007842
362105060
150442152
309855575
303980842
139226061
350519682
146939561
360019958
150430044
150442152
278183342
287140025
353988778
300039724
8961680
198242745
219420836
229639858
403069041
329153604
272317789
404287409
233622256
291111653
233580065
32645011
388436597
329153604
55781698
233622256
394130313
233580065
132701315
150248762
232634867
167549709
232634867
136995094
334832548
334753043
286507416
233622256
272189927
353988778
230070344
39579360
202423311
258627931
340819999
233622256
148917657
192832113
372682437
370007451
260655847
17301402
94339197
34647604
334832548
219096868
274335507
233580065
329153604
169225390
141608289
150442152
350861012
159539923
150442152
233622256
165470230
271676379
350861012
272086938
31816240
198242745
349059821
233658025
381188466
169225390
169225390
232634867
233622256
350295877
141478320
170803514
141478320
406856680
29987134
267192489
348837162
233622256
394130313
141757732
219007842
341874424
230295593
279979689
229689153
372682437
198242745
150442152
219777669
198242745
322786599
209315850
219860013
136915882
265674492
219420836
237282368
274801993
300039724
237282368
70797228
287589266
279250316
237234156
140510714
162692735
350342269
272235353
159894075
288107095
260355953
324134227
